data/predkrig2.asc
NCOLS 120 
NROWS 120 
XLLCORNER -114.033329988 
YLLCORNER 37.008332747 
CELLSIZE 0.04166667 
NODATA_value -3.4e+38 
[rows 40 to 59 of 120, columns 0 to 43 of 120]
-114.621002197266 -114.356002807617 -114.129997253418 -114.023002624512 -113.929000854492 -114.052001953125 -114.195999145508 -114.311996459961 -114.365997314453 -114.421997070312 -114.444999694824 -114.427001953125 -114.425003051758 -114.407997131348 -114.429000854492 -114.541000366211 -114.660003662109 -114.745002746582 -114.717002868652 -114.73999786377 -114.793998718262 -114.869003295898 -114.981002807617 -115.19100189209 -115.220001220703 -115.158996582031 -115.113998413086 -115.248001098633 -115.55899810791 -115.984001159668 -116.11799621582 -116.167999267578 -116.125 -115.894996643066 -115.994003295898 -116.19100189209 -116.023002624512 -115.834999084473 -116.140998840332 -116.398002624512 -116.498001098633 -116.458999633789 -116.230003356934 -116.708000183105
-114.720001220703 -114.581001281738 -114.402000427246 -114.143997192383 -113.986999511719 -114.060997009277 -114.199996948242 -114.304000854492 -114.362998962402 -114.406997680664 -114.447998046875 -114.462997436523 -114.436996459961 -114.425003051758 -114.445999145508 -114.541000366211 -114.672996520996 -114.708000183105 -114.746002197266 -114.750999450684 -114.792999267578 -114.811996459961 -114.894996643066 -115.055000305176 -115.206001281738 -115.214996337891 -115.305000305176 -115.25700378418 -115.416999816895 -115.661003112793 -115.853996276855 -116.065002441406 -116.116996765137 -116.014999389648 -115.896003723145 -116.027000427246 -116.033996582031 -115.960998535156 -116.265998840332 -116.554000854492 -116.917999267578 -116.690002441406 -116.525001525879 -116.625999450684
-114.48999786377 -114.569999694824 -114.432998657227 -114.031997680664 -114.13200378418 -114.119003295898 -114.122001647949 -114.217002868652 -114.317001342773 -114.394996643066 -114.430999755859 -114.450996398926 -114.453002929688 -114.426002502441 -114.475997924805 -114.540000915527 -114.646003723145 -114.677001953125 -114.710998535156 -114.716003417969 -114.774002075195 -114.800003051758 -114.848999023438 -114.96900177002 -115.053001403809 -115.116996765137 -115.217002868652 -115.343002319336 -115.361000061035 -115.457000732422 -115.536003112793 -115.799003601074 -115.956001281738 -115.928001403809 -115.832000732422 -115.997001647949 -116.166000366211 -116.052001953125 -116.303001403809 -116.735000610352 -116.949996948242 -117.00700378418 -116.775001525879 -117.002998352051
-114.577003479004 -114.680000305176 -114.418998718262 -114.212997436523 -114.286003112793 -114.223999023438 -114.014999389648 -114.036003112793 -114.24299621582 -114.370002746582 -114.428001403809 -114.440002441406 -114.435997009277 -114.483001708984 -114.471000671387 -114.563003540039 -114.611999511719 -114.588996887207 -114.572998046875 -114.583000183105 -114.629997253418 -114.751998901367 -114.800003051758 -114.890998840332 -114.931999206543 -114.988998413086 -115.041999816895 -115.13200378418 -115.28099822998 -115.417999267578 -115.468002319336 -115.665000915527 -115.772003173828 -115.763999938965 -115.689002990723 -115.789001464844 -116.125999450684 -116.143997192383 -116.429000854492 -116.801002502441 -117.177001953125 -117.027000427246 -116.893997192383 -117.05899810791
-115.36799621582 -115.154998779297 -114.630996704102 -114.047996520996 -114.097999572754 -113.814002990723 -113.498001098633 -113.795997619629 -114.147003173828 -114.327003479004 -114.388000488281 -114.40299987793 -114.444999694824 -114.458000183105 -114.502998352051 -114.5 -114.475997924805 -114.434997558594 -114.350997924805 -114.353996276855 -114.570999145508 -114.681999206543 -114.776000976562 -114.815002441406 -114.833999633789 -114.856002807617 -114.927001953125 -114.944000244141 -115.015998840332 -115.123001098633 -115.246002197266 -115.372001647949 -115.509002685547 -115.601997375488 -115.575996398926 -115.601997375488 -115.955001831055 -116.43399810791 -116.763000488281 -116.982002258301 -117.36499786377 -117.11499786377 -117.003997802734 -117.040000915527
-115.947998046875 -115.638999938965 -115.119003295898 -114.310997009277 -114.147003173828 -113.901000976562 -113.622001647949 -113.811996459961 -114.139999389648 -114.333000183105 -114.363998413086 -114.41300201416 -114.41300201416 -114.43399810791 -114.398002624512 -114.361999511719 -114.337997436523 -114.21900177002 -114.052001953125 -114.160003662109 -114.350997924805 -114.541999816895 -114.589996337891 -114.661003112793 -114.682998657227 -114.790000915527 -114.827003479004 -114.865997314453 -114.876998901367 -114.944000244141 -115.047996520996 -115.083000183105 -115.175003051758 -115.371002197266 -115.421997070312 -115.434997558594 -116.045997619629 -116.676002502441 -117.02799987793 -117.244003295898 -117.332000732422 -117.339996337891 -117.053001403809 -117.123001098633
-116.58699798584 -116.325996398926 -115.771003723145 -114.570999145508 -114.252998352051 -114.052001953125 -113.666999816895 -113.917999267578 -114.250999450684 -114.374000549316 -114.406997680664 -114.388000488281 -114.383003234863 -114.319999694824 -114.286003112793 -114.22200012207 -114.084999084473 -114.033996582031 -113.999000549316 -114.041999816895 -114.295997619629 -114.337997436523 -114.387001037598 -114.478996276855 -114.573997497559 -114.677001953125 -114.771003723145 -114.774002075195 -114.802001953125 -114.849998474121 -114.920997619629 -115.003997802734 -115.072998046875 -115.192001342773 -115.282997131348 -115.637001037598 -116.172996520996 -117.028999328613 -117.236000061035 -117.311996459961 -117.128997802734 -117.299003601074 -117.184997558594 -117.23999786377
-117.015998840332 -116.943000793457 -116.335998535156 -114.999000549316 -114.567001342773 -114.00700378418 -113.914001464844 -114.081001281738 -114.328002929688 -114.46900177002 -114.420997619629 -114.356002807617 -114.271003723145 -114.208999633789 -114.133003234863 -113.975997924805 -113.837997436523 -113.773002624512 -113.74299621582 -113.948997497559 -114.202003479004 -114.295997619629 -114.28099822998 -114.337997436523 -114.436996459961 -114.568000793457 -114.678001403809 -114.722999572754 -114.727996826172 -114.74299621582 -114.81600189209 -114.966003417969 -115.077003479004 -115.116996765137 -115.128997802734 -115.491996765137 -116.190002441406 -116.616996765137 -116.914001464844 -116.678001403809 -116.502998352051 -116.650001525879 -117.15299987793 -116.767997741699
-117.054000854492 -117.129997253418 -116.46900177002 -115.241996765137 -114.966003417969 -114.543998718262 -114.473999023438 -114.546997070312 -114.56600189209 -114.51000213623 -114.428001403809 -114.313003540039 -114.168998718262 -114.024002075195 -113.916000366211 -113.801002502441 -113.656997680664 -113.607002258301 -113.563003540039 -113.720001220703 -113.952003479004 -114.153999328613 -114.227996826172 -114.235000610352 -114.287002563477 -114.403999328613 -114.555999755859 -114.602996826172 -114.612998962402 -114.649002075195 -114.804000854492 -115.063003540039 -115.218002319336 -115.031997680664 -114.958999633789 -115.264999389648 -115.583999633789 -115.957000732422 -115.805999755859 -115.722999572754 -115.421997070312 -116.073997497559 -116.353996276855 -116.488998413086
-116.903999328613 -116.724998474121 -116.032997131348 -115.358001708984 -115.315002441406 -115.190002441406 -114.944000244141 -114.84400177002 -114.577003479004 -114.531997680664 -114.459999084473 -114.274002075195 -114.025001525879 -113.800003051758 -113.608001708984 -113.490997314453 -113.452003479004 -113.40299987793 -113.295997619629 -113.419998168945 -113.772003173828 -113.871002197266 -113.981002807617 -114.207000732422 -114.177001953125 -114.263999938965 -114.429000854492 -114.517997741699 -114.564002990723 -114.680000305176 -114.781997680664 -115.047996520996 -115.176002502441 -114.930000305176 -114.694000244141 -114.996002197266 -115.287002563477 -115.466003417969 -115.559997558594 -115.462997436523 -115.320999145508 -115.532997131348 -115.857002258301 -115.785003662109
-116.378997802734 -115.824996948242 -115.130996704102 -115.411003112793 -115.741996765137 -115.30899810791 -115.102996826172 -114.776000976562 -114.557998657227 -114.505996704102 -114.430999755859 -114.249000549316 -113.956001281738 -113.456001281738 -113.297996520996 -113.220001220703 -113.152000427246 -113.126998901367 -113.074996948242 -113.224998474121 -113.459999084473 -113.698997497559 -113.789001464844 -113.897003173828 -114.120002746582 -114.142997741699 -114.343002319336 -114.470001220703 -114.55899810791 -114.623001098633 -114.758003234863 -114.823997497559 -114.894996643066 -114.746002197266 -114.72200012207 -114.78800201416 -114.963996887207 -114.929000854492 -115.207000732422 -115.300003051758 -115.25700378418 -115.357002258301 -115.522003173828 -115.98999786377
-115.276000976562 -114.426002502441 -114.689002990723 -115.985000610352 -115.959999084473 -115.28800201416 -114.88500213623 -114.700996398926 -114.503997802734 -114.434997558594 -114.391998291016 -114.268997192383 -113.69100189209 -113.286003112793 -113.134002685547 -112.94100189209 -112.903999328613 -112.893997192383 -112.986000061035 -113.304000854492 -113.440002441406 -113.555000305176 -113.657997131348 -113.759002685547 -113.945999145508 -114.064002990723 -114.218002319336 -114.358001708984 -114.387001037598 -114.420997619629 -114.600997924805 -114.694000244141 -114.883003234863 -114.914001464844 -114.976997375488 -115.23999786377 -114.982002258301 -114.806999206543 -114.819999694824 -114.810997009277 -114.878997802734 -115.203002929688 -115.560997009277 -116.125
-114.175003051758 -114.001998901367 -115.389999389648 -116.705001831055 -115.856002807617 -114.609001159668 -114.621002197266 -114.634002685547 -114.486000061035 -114.383003234863 -114.341003417969 -114.116996765137 -113.65299987793 -113.307998657227 -113.328002929688 -112.927001953125 -112.686996459961 -112.707000732422 -112.98999786377 -113.212997436523 -113.572998046875 -113.665000915527 -113.69100189209 -113.717002868652 -113.936996459961 -114.060997009277 -114.153999328613 -114.228996276855 -114.143997192383 -114.315002441406 -114.444000244141 -114.521003723145 -114.748001098633 -114.891998291016 -115.051002502441 -115.331001281738 -115.414001464844 -115.25 -115.088996887207 -114.971000671387 -114.977996826172 -115.34700012207 -115.791000366211 -116.327003479004
-114.703002929688 -115.084999084473 -115.918998718262 -116.262001037598 -114.514999389648 -113.891998291016 -114.27799987793 -114.541000366211 -114.458999633789 -114.414001464844 -114.387001037598 -114.202003479004 -113.700996398926 -113.677001953125 -113.81600189209 -113.166999816895 -112.569999694824 -112.563003540039 -112.75700378418 -113.263999938965 -113.667999267578 -114.021003723145 -114.235000610352 -113.947998046875 -114.026000976562 -114.166999816895 -114.144996643066 -114.128997802734 -114.246002197266 -114.327003479004 -114.52799987793 -114.501998901367 -114.709999084473 -114.861000061035 -115.093002319336 -115.301002502441 -115.5 -115.560997009277 -115.68399810791 -115.641998291016 -115.857002258301 -116.185997009277 -116.313003540039 -116.565002441406
-114.722999572754 -115.227996826172 -115.601997375488 -114.804000854492 -113.999000549316 -113.763999938965 -114.464996337891 -114.419998168945 -114.362998962402 -114.399002075195 -114.38200378418 -114.217002868652 -113.930999755859 -113.833999633789 -114.36499786377 -113.59400177002 -112.69100189209 -112.486000061035 -112.644996643066 -113.015998840332 -113.369003295898 -113.915000915527 -114.146003723145 -114.014999389648 -114.234001159668 -114.333000183105 -114.332000732422 -114.174003601074 -114.014999389648 -114.21199798584 -114.307998657227 -114.398002624512 -114.596000671387 -114.862998962402 -114.985000610352 -115.169998168945 -115.315002441406 -115.427001953125 -115.677001953125 -115.903999328613 -116.172996520996 -116.366996765137 -116.553001403809 -116.463996887207
-114.022003173828 -114.013999938965 -113.981002807617 -113.877998352051 -113.688003540039 -114.324996948242 -114.332000732422 -114.259002685547 -114.294998168945 -114.296997070312 -113.849998474121 -113.834999084473 -113.858001708984 -113.728996276855 -114.361000061035 -113.880996704102 -112.906997680664 -112.508003234863 -112.598999023438 -112.880996704102 -113.190002441406 -113.524002075195 -113.842002868652 -114.041999816895 -114.213996887207 -114.341003417969 -114.393997192383 -114.319999694824 -114.254997253418 -114.28099822998 -114.272003173828 -114.180999755859 -114.406997680664 -114.526000976562 -114.724998474121 -114.891998291016 -114.99299621582 -115.172996520996 -115.396003723145 -115.647003173828 -115.861000061035 -115.982002258301 -116.069999694824 -116.193000793457
-113.174003601074 -113.485000610352 -112.906997680664 -113.246002197266 -113.956001281738 -114.16300201416 -114.078002929688 -114.077003479004 -113.762001037598 -113.665000915527 -112.922996520996 -112.940002441406 -113.154998779297 -113.502998352051 -113.704002380371 -113.571998596191 -112.84400177002 -112.51000213623 -112.643997192383 -112.83699798584 -113.112998962402 -113.38500213623 -113.774002075195 -113.982002258301 -114.179000854492 -114.247001647949 -114.222999572754 -114.231002807617 -114.236000061035 -114.248001098633 -114.250999450684 -114.188003540039 -114.282997131348 -114.463996887207 -114.598999023438 -114.662002563477 -114.786003112793 -114.901000976562 -115.081001281738 -115.328002929688 -115.50700378418 -115.603996276855 -115.750999450684 -115.554000854492
-113.101997375488 -113.017997741699 -113.237998962402 -113.53099822998 -113.970001220703 -113.890998840332 -113.355003356934 -113.045997619629 -112.956001281738 -112.712997436523 -112.610000610352 -112.192001342773 -112.944999694824 -112.997001647949 -113.172996520996 -112.982002258301 -112.554000854492 -112.625 -112.710998535156 -112.887001037598 -113.083000183105 -113.252998352051 -113.480003356934 -113.593002319336 -113.891998291016 -114.126998901367 -114.144996643066 -114.031997680664 -114.011001586914 -114.134002685547 -114.267997741699 -114.348999023438 -114.36499786377 -114.481002807617 -114.523002624512 -114.565002441406 -114.616996765137 -114.688003540039 -114.791999816895 -114.987998962402 -115.210998535156 -115.417999267578 -115.184997558594 -114.746002197266
-112.519996643066 -113.202003479004 -113.330001831055 -113.680000305176 -113.776000976562 -113.339996337891 -112.466003417969 -112.207000732422 -111.778999328613 -112.745002746582 -112.55899810791 -112.774002075195 -112.744003295898 -113.230003356934 -113.015998840332 -112.815002441406 -112.704002380371 -112.575996398926 -112.903999328613 -112.929000854492 -113.013000488281 -113.224998474121 -113.361000061035 -113.228996276855 -113.462997436523 -113.88500213623 -114.147003173828 -113.848999023438 -113.803001403809 -113.946998596191 -114.116996765137 -114.28099822998 -114.341003417969 -114.373001098633 -114.377998352051 -114.424003601074 -114.450996398926 -114.495002746582 -114.483001708984 -114.53099822998 -114.748001098633 -114.859001159668 -114.716003417969 -114.38200378418
-112.904998779297 -113.476997375488 -113.567001342773 -113.59400177002 -113.498001098633 -113.003997802734 -111.936996459961 -111.680999755859 -111.90599822998 -112.799003601074 -113.569999694824 -113.25 -113.266998291016 -113.112998962402 -112.907997131348 -113.040000915527 -112.916000366211 -113.002998352051 -112.753997802734 -113.050003051758 -113.095001220703 -113.430999755859 -113.53800201416 -113.140998840332 -113.097999572754 -113.638000488281 -113.925003051758 -113.852996826172 -113.664001464844 -113.727996826172 -113.88500213623 -114.105003356934 -114.186996459961 -114.221000671387 -114.248001098633 -114.269996643066 -114.292999267578 -114.245002746582 -114.202003479004 -114.153999328613 -114.106002807617 -114.185997009277 -114.19100189209 -113.791000366211
