data/predkrig2.asc
NCOLS 120 
NROWS 120 
XLLCORNER -114.033329988 
YLLCORNER 37.008332747 
CELLSIZE 0.04166667 
NODATA_value -3.4e+38 
[rows 20 to 39 of 120, columns 44 to 87 of 120]
-116.142997741699 -116.311996459961 -116.444000244141 -116.640998840332 -116.850997924805 -117.13200378418 -117.598999023438 -119.032997131348 -120.996002197266 -121.477996826172 -121.169998168945 -121.53800201416 -122.292999267578 -122.986999511719 -123.15299987793 -123.154998779297 -123.087997436523 -122.852996826172 -123.043998718262 -122.952003479004 -123.124000549316 -123.069000244141 -122.957000732422 -123.069000244141 -123.766998291016 -124.041999816895 -124.230003356934 -124.389999389648 -124.681999206543 -124.69100189209 -124.642997741699 -124.428001403809 -124.263999938965 -124.34400177002 -124.639999389648 -124.845001220703 -125.174003601074 -125.498001098633 -125.964996337891 -126.666000366211 -126.978996276855 -127.134002685547 -127.069999694824 -127.142997741699
-116.083999633789 -116.184997558594 -116.291999816895 -116.474998474121 -116.765998840332 -117.036003112793 -117.295997619629 -118.214996337891 -120.292999267578 -120.872001647949 -120.671997070312 -121.082000732422 -122.136001586914 -123.194000244141 -123.600997924805 -123.400001525879 -123.224998474121 -123.00700378418 -122.658996582031 -122.596000671387 -122.531997680664 -122.959999084473 -122.853996276855 -123.027000427246 -123.638000488281 -123.963996887207 -124.177001953125 -124.375 -124.696998596191 -124.819000244141 -124.718002319336 -124.583999633789 -124.542999267578 -124.593002319336 -124.825996398926 -125.230003356934 -125.583999633789 -126.052001953125 -126.888000488281 -127.378997802734 -127.68399810791 -127.511001586914 -127.519996643066 -127.609001159668
-115.924003601074 -115.994003295898 -116.112998962402 -116.210998535156 -116.386001586914 -116.644996643066 -116.967002868652 -117.928001403809 -120.143997192383 -121.397003173828 -120.654998779297 -120.565002441406 -121.416000366211 -122.426002502441 -122.74299621582 -122.958999633789 -123.022003173828 -122.286003112793 -121.947998046875 -122.059997558594 -122.454002380371 -123.111000061035 -123.319000244141 -123.500999450684 -123.83699798584 -123.964996337891 -124.079002380371 -124.347999572754 -124.640998840332 -124.900001525879 -124.818000793457 -124.815002441406 -124.834999084473 -124.930000305176 -125.296997070312 -125.688003540039 -126.209999084473 -126.777000427246 -127.515998840332 -128.190994262695 -128.210006713867 -128.240005493164 -128.156997680664 -128.313995361328
-115.818000793457 -115.976997375488 -116.040000915527 -116.113998413086 -116.148002624512 -116.264999389648 -116.452003479004 -117.352996826172 -119.827003479004 -121.366996765137 -120.974998474121 -120.38200378418 -120.78099822998 -121.458000183105 -121.66300201416 -121.924003601074 -122.390998840332 -122.095001220703 -121.69100189209 -121.889999389648 -122.404998779297 -122.744003295898 -123.222999572754 -123.513000488281 -123.855003356934 -123.75 -124.003997802734 -124.19100189209 -124.528999328613 -124.776000976562 -124.914001464844 -124.988998413086 -125.147003173828 -125.424003601074 -125.96900177002 -126.563003540039 -127.014999389648 -127.474998474121 -128.134002685547 -128.505004882812 -128.92399597168 -129.054000854492 -129.130004882812 -129.235000610352
-115.815002441406 -115.873001098633 -116.050003051758 -116.081001281738 -116.078002929688 -116.053001403809 -116.06600189209 -116.644996643066 -118.575996398926 -120.745002746582 -120.820999145508 -120.390998840332 -120.563003540039 -120.793998718262 -120.620002746582 -121.042999267578 -121.958000183105 -122.128997802734 -122.043998718262 -122.372001647949 -122.353996276855 -122.494003295898 -122.314002990723 -123.149002075195 -123.626998901367 -123.670997619629 -124.053001403809 -124.268997192383 -124.481002807617 -124.633003234863 -124.952003479004 -125.296997070312 -125.568000793457 -126.019996643066 -126.712997436523 -127.313003540039 -127.786003112793 -128.089004516602 -128.373001098633 -128.615005493164 -129.042007446289 -129.404998779297 -129.552993774414 -129.580993652344
-115.705001831055 -115.858001708984 -115.888000488281 -115.932998657227 -115.962997436523 -115.93399810791 -115.825996398926 -116.129997253418 -117.627998352051 -120.079002380371 -120.819999694824 -120.279998779297 -120.111000061035 -120.199996948242 -120.079002380371 -120.751998901367 -121.457000732422 -121.81600189209 -121.774002075195 -122.268997192383 -122.417999267578 -122.231002807617 -122.571998596191 -122.986999511719 -123.652000427246 -123.723999023438 -124.050003051758 -124.218002319336 -124.300003051758 -124.75700378418 -125.263000488281 -125.641998291016 -126.015998840332 -126.415000915527 -127.101997375488 -127.546997070312 -127.916999816895 -128.128005981445 -128.358001708984 -128.554992675781 -128.975997924805 -129.294006347656 -129.518005371094 -129.587997436523
-115.585998535156 -115.633003234863 -115.771003723145 -115.755996704102 -115.765998840332 -115.606002807617 -115.522003173828 -115.615997314453 -116.896003723145 -119.27799987793 -120.571998596191 -120.248001098633 -119.61799621582 -119.578002929688 -119.773002624512 -120.480003356934 -120.689002990723 -120.652000427246 -121.005996704102 -121.674003601074 -122.15299987793 -122.073997497559 -122.236000061035 -123.185997009277 -123.639999389648 -123.702003479004 -124.044998168945 -124.138999938965 -124.541999816895 -125.292999267578 -125.69100189209 -126.019996643066 -126.333999633789 -126.666999816895 -127.199996948242 -127.606002807617 -127.783996582031 -127.935997009277 -128.289993286133 -128.445999145508 -128.787002563477 -128.934005737305 -129.199005126953 -129.356002807617
-115.332000732422 -115.514999389648 -115.560997009277 -115.556999206543 -115.403999328613 -115.235000610352 -115.093002319336 -115.314002990723 -116.596000671387 -118.851997375488 -120.275001525879 -120.248001098633 -119.718002319336 -119.290000915527 -119.608001708984 -120.297996520996 -120.069999694824 -119.94100189209 -120.457000732422 -121.561996459961 -121.600997924805 -121.059997558594 -121.76000213623 -122.689002990723 -123.15299987793 -123.606002807617 -124.100997924805 -124.561996459961 -125.061996459961 -125.916000366211 -126.278999328613 -126.363998413086 -126.497001647949 -126.799003601074 -127.322998046875 -127.575996398926 -127.726997375488 -127.954002380371 -128.283996582031 -128.567001342773 -128.654006958008 -128.863998413086 -128.998992919922 -129.272994995117
-115.098999023438 -115.24299621582 -115.311996459961 -115.300003051758 -115.166000366211 -114.985000610352 -114.987998962402 -115.443000793457 -116.832000732422 -118.721000671387 -119.84700012207 -120.06600189209 -119.583000183105 -119.333000183105 -119.491996765137 -119.859001159668 -119.717002868652 -119.809997558594 -120.539001464844 -121.513999938965 -121.622001647949 -121.198997497559 -121.921997070312 -122.947998046875 -123.18399810791 -123.603996276855 -124.464996337891 -124.99299621582 -125.456001281738 -125.950996398926 -126.383003234863 -126.649002075195 -126.783996582031 -127.026000976562 -127.209999084473 -127.679000854492 -127.807998657227 -128.029998779297 -128.598999023438 -128.60400390625 -128.852005004883 -128.947998046875 -129.182006835938 -129.453002929688
-114.751998901367 -114.948997497559 -115.093002319336 -115.098999023438 -115.018997192383 -114.943000793457 -114.869003295898 -115.01000213623 -116.116996765137 -117.679000854492 -119.013000488281 -119.561996459961 -119.430000305176 -119.148002624512 -118.99299621582 -119.320999145508 -119.40299987793 -120.133003234863 -120.763999938965 -121.629997253418 -121.802001953125 -121.529998779297 -122.264999389648 -122.88500213623 -123.158996582031 -123.65299987793 -124.390998840332 -124.755996704102 -125.107002258301 -125.601997375488 -126.16300201416 -126.819000244141 -127.064002990723 -127.266998291016 -127.602996826172 -127.966003417969 -128.177993774414 -128.386993408203 -128.744003295898 -128.914993286133 -129.046005249023 -129.389007568359 -129.561004638672 -129.839004516602
-114.680999755859 -114.807998657227 -114.955001831055 -114.976997375488 -114.954002380371 -114.944999694824 -114.866996765137 -114.666000366211 -114.959999084473 -116.188003540039 -117.84700012207 -119.320999145508 -119.365997314453 -119.231002807617 -119.070999145508 -119.375999450684 -119.987998962402 -120.61499786377 -121.140998840332 -121.414001464844 -121.391998291016 -121.585998535156 -122.011001586914 -122.666999816895 -123.306999206543 -123.963996887207 -124.544998168945 -125.065002441406 -125.642997741699 -125.898002624512 -126.475997924805 -126.971000671387 -127.217002868652 -127.679000854492 -127.910003662109 -128.309997558594 -128.453002929688 -128.457992553711 -128.804992675781 -128.826995849609 -129.15299987793 -129.516998291016 -129.554992675781 -129.914993286133
-115.550003051758 -115.480003356934 -115.265998840332 -115.099998474121 -115.024002075195 -115.044998168945 -115.063003540039 -114.865997314453 -114.773002624512 -115.295997619629 -117.36799621582 -118.838996887207 -119.606002807617 -119.697998046875 -119.975997924805 -120.241996765137 -120.771003723145 -121.004997253418 -121.051002502441 -120.96900177002 -121.081001281738 -121.22200012207 -121.852996826172 -122.717002868652 -123.611000061035 -124.322998046875 -125.025001525879 -125.434997558594 -126.150001525879 -126.450996398926 -126.650001525879 -127.03099822998 -127.089996337891 -127.61499786377 -127.910003662109 -128.160003662109 -128.016998291016 -128.333999633789 -128.567993164062 -128.626007080078 -128.916000366211 -129.40299987793 -129.380004882812 -129.610000610352
-116.61799621582 -116.591003417969 -115.875999450684 -115.438003540039 -115.261001586914 -115.197998046875 -115.137001037598 -115.037002563477 -114.857002258301 -115.351997375488 -116.640998840332 -118.807998657227 -119.529998779297 -120.374000549316 -120.838996887207 -121.194000244141 -121.101997375488 -120.904998779297 -120.833999633789 -121.102996826172 -120.732002258301 -121.184997558594 -121.584999084473 -122.412002563477 -123.539001464844 -124.198997497559 -124.833999633789 -125.36499786377 -125.811996459961 -126.166000366211 -126.322998046875 -126.511001586914 -126.638000488281 -127.185997009277 -127.460998535156 -127.524002075195 -127.482002258301 -127.968002319336 -128.52799987793 -128.447998046875 -128.660995483398 -129.496994018555 -129.578994750977 -129.419006347656
-116.84400177002 -116.86499786377 -116.258003234863 -115.720001220703 -115.481002807617 -115.335998535156 -115.228996276855 -115.148002624512 -114.994003295898 -115.138000488281 -116.40299987793 -118.032997131348 -119.628997802734 -120.684997558594 -121.555999755859 -121.999000549316 -121.641998291016 -121.09700012207 -120.874000549316 -121.035003662109 -121.064002990723 -121.115997314453 -121.494003295898 -122.093002319336 -122.838996887207 -123.53099822998 -123.929000854492 -124.40299987793 -124.88500213623 -125.34700012207 -125.708000183105 -125.985000610352 -126.309997558594 -126.954002380371 -127.186996459961 -127.102996826172 -126.78800201416 -127.748001098633 -128.373992919922 -128.214996337891 -128.292999267578 -129.055999755859 -129.464996337891 -129.264007568359
-116.40299987793 -116.773002624512 -116.337997436523 -115.872001647949 -115.625999450684 -115.472999572754 -115.348999023438 -115.237998962402 -115.189002990723 -115.40599822998 -116.829002380371 -119.042999267578 -120.450996398926 -121.561996459961 -121.987998962402 -122.238998413086 -121.90599822998 -121.290000915527 -120.949996948242 -121.057998657227 -120.997001647949 -121.49299621582 -121.792999267578 -122.233001708984 -122.827003479004 -123.196998596191 -123.560997009277 -123.839996337891 -124.36799621582 -124.930999755859 -125.407997131348 -125.722999572754 -125.99299621582 -126.954002380371 -127.401000976562 -127.138999938965 -126.752998352051 -127.376998901367 -127.96900177002 -127.938003540039 -127.874000549316 -128.156005859375 -128.600006103516 -128.50700378418
-116.355003356934 -116.709999084473 -116.238998413086 -115.846000671387 -115.783996582031 -115.661003112793 -115.521003723145 -115.310997009277 -115.314002990723 -116.043998718262 -117.953002929688 -120.151000976562 -121.606002807617 -121.676002502441 -121.709999084473 -121.876998901367 -121.38200378418 -121.196998596191 -120.986000061035 -120.975997924805 -121.190002441406 -121.59700012207 -122.184997558594 -122.800003051758 -123.255996704102 -123.488998413086 -123.638999938965 -123.789001464844 -124.125999450684 -124.793998718262 -125.166999816895 -125.329002380371 -125.332000732422 -126.120002746582 -127 -126.994003295898 -126.355003356934 -126.725997924805 -126.857002258301 -127.018997192383 -127.015998840332 -126.96900177002 -126.555999755859 -126.541999816895
-117.295997619629 -117.080001831055 -116.328002929688 -115.837997436523 -115.850997924805 -115.819000244141 -115.749000549316 -115.500999450684 -115.542999267578 -116.175003051758 -117.535003662109 -119.027000427246 -120.158996582031 -120.406997680664 -120.628997802734 -120.871002197266 -120.83699798584 -120.86799621582 -120.892997741699 -120.942001342773 -120.99299621582 -121.536003112793 -122.315002441406 -123.22200012207 -123.932998657227 -124.24299621582 -124.208000183105 -124.009002685547 -124.051002502441 -124.199996948242 -124.598999023438 -124.702003479004 -124.560997009277 -125.003997802734 -125.96900177002 -126.269996643066 -126.265998840332 -126.51000213623 -126.372001647949 -125.585998535156 -125.839996337891 -125.412002563477 -124.848999023438 -124.386001586914
-118.146003723145 -117.656997680664 -116.449996948242 -115.853996276855 -115.750999450684 -115.800003051758 -115.698997497559 -115.850997924805 -115.814002990723 -116.045997619629 -116.455001831055 -117.194999694824 -118.86799621582 -119.819999694824 -119.981002807617 -120.293998718262 -120.292999267578 -120.551002502441 -120.74299621582 -121.013000488281 -121.305999755859 -121.747001647949 -122.61499786377 -123.774002075195 -124.714996337891 -125.193000793457 -125.078002929688 -124.529998779297 -124.208000183105 -123.86499786377 -123.709999084473 -123.901000976562 -123.869003295898 -124.110000610352 -124.521003723145 -124.821998596191 -124.997001647949 -125.749000549316 -125.714996337891 -124.986999511719 -124.355003356934 -124.408996582031 -123.692001342773 -123.366996765137
-118.580001831055 -117.892997741699 -116.31600189209 -116.008003234863 -115.972999572754 -115.888999938965 -116.013999938965 -116.084999084473 -116.122001647949 -115.929000854492 -115.838996887207 -116.535003662109 -118.671997070312 -120.355003356934 -121.027000427246 -120.074996948242 -119.924003601074 -120.769996643066 -120.646003723145 -121.124000549316 -121.76000213623 -122.36499786377 -122.917999267578 -124.139999389648 -125.195999145508 -125.944999694824 -125.829002380371 -125.31600189209 -125.056999206543 -124.598999023438 -123.904998779297 -123.910003662109 -123.896003723145 -124.001998901367 -124.083999633789 -123.813003540039 -123.950996398926 -124.766998291016 -125.287002563477 -124.675003051758 -124.303001403809 -123.935997009277 -123.601997375488 -123.446998596191
-118.379997253418 -117.927001953125 -116.903999328613 -116.90299987793 -117.139999389648 -117.073997497559 -116.924003601074 -116.749000549316 -116.427001953125 -115.957000732422 -115.570999145508 -115.569999694824 -117.160003662109 -119.208999633789 -120.391998291016 -119.916000366211 -119.588996887207 -120.06600189209 -120.76000213623 -121.027000427246 -121.870002746582 -122.623001098633 -123.224998474121 -123.773002624512 -124.986999511719 -125.839996337891 -125.912002563477 -125.535003662109 -125.323997497559 -125.042999267578 -124.545997619629 -124.192001342773 -124.185997009277 -124.430999755859 -124.374000549316 -123.820999145508 -123.52799987793 -123.862998962402 -124.386001586914 -124.225997924805 -123.809997558594 -123.718002319336 -123.647003173828 -123.579002380371
