data/predkrig2.asc
NCOLS 120 
NROWS 120 
XLLCORNER -114.033329988 
YLLCORNER 37.008332747 
CELLSIZE 0.04166667 
NODATA_value -3.4e+38 
[rows 40 to 59 of 120, columns 44 to 87 of 120]
-117.404998779297 -117.216003417969 -116.998001098633 -117.605003356934 -118.016998291016 -117.852996826172 -117.309997558594 -117.017997741699 -116.258003234863 -115.708999633789 -115.24299621582 -115.190002441406 -115.568000793457 -116.608001708984 -118.128997802734 -119.348999023438 -119.833999633789 -120.644996643066 -120.904998779297 -121.414001464844 -122.130996704102 -122.930999755859 -123.188003540039 -123.424003601074 -123.944000244141 -125.028999328613 -125.649002075195 -125.417999267578 -124.98999786377 -124.786003112793 -124.610000610352 -124.369003295898 -124.127998352051 -124.406997680664 -124.58699798584 -123.835998535156 -123.351997375488 -123.387001037598 -123.670997619629 -123.573997497559 -123.504997253418 -123.319999694824 -123.377998352051 -123.457000732422
-116.791999816895 -117.06600189209 -117.333999633789 -118.169998168945 -118.113998413086 -117.78099822998 -117.630996704102 -116.935997009277 -116.139999389648 -115.466003417969 -115.085998535156 -115.043998718262 -115.311996459961 -115.78099822998 -117.380996704102 -120.416999816895 -121.518997192383 -121.204002380371 -121.444999694824 -121.827003479004 -122.378997802734 -123.153999328613 -123.345001220703 -123.263000488281 -123.359001159668 -124.296997070312 -125.254997253418 -125.259002685547 -124.486000061035 -124.262001037598 -123.950996398926 -123.859001159668 -123.658996582031 -123.717002868652 -123.74299621582 -123.519996643066 -123.247001647949 -123.234001159668 -123.287002563477 -123.299003601074 -123.208000183105 -123.116996765137 -123.055000305176 -123.209999084473
-117.167999267578 -117.720001220703 -118.236999511719 -118.269996643066 -118.059997558594 -117.96199798584 -117.916000366211 -117.412002563477 -116.228996276855 -115.50700378418 -115.19100189209 -115.240997314453 -115.467002868652 -115.768997192383 -116.803001403809 -120.261001586914 -121.550003051758 -120.75700378418 -120.466003417969 -120.891998291016 -121.861999511719 -122.549003601074 -123.093002319336 -123.208000183105 -123.247001647949 -123.541000366211 -124.292999267578 -124.388999938965 -123.983001708984 -123.697998046875 -123.543998718262 -123.21900177002 -123.011001586914 -122.865997314453 -123.047996520996 -122.985000610352 -123.040000915527 -123.003997802734 -122.982002258301 -122.901000976562 -122.920997619629 -122.84700012207 -122.758003234863 -122.841003417969
-117.567001342773 -118.014999389648 -118.317001342773 -118.081001281738 -117.918998718262 -117.904998779297 -117.685997009277 -117.162002563477 -115.953002929688 -115.375999450684 -115.362998962402 -115.53800201416 -115.825996398926 -115.900001525879 -116.855003356934 -119.141998291016 -120.466003417969 -119.560997009277 -119.470001220703 -120.473999023438 -121.253997802734 -121.627998352051 -122.529998779297 -122.94100189209 -123.144996643066 -123.168998718262 -123.404998779297 -123.679000854492 -123.608001708984 -123.656997680664 -123.356002807617 -123.080001831055 -122.750999450684 -122.688003540039 -122.712997436523 -122.724998474121 -122.483001708984 -122.801002502441 -122.732002258301 -122.585998535156 -122.419998168945 -122.377998352051 -122.361000061035 -122.411003112793
-117.370002746582 -117.610000610352 -117.829002380371 -117.697998046875 -117.650001525879 -117.528999328613 -117.342002868652 -116.676002502441 -115.779998779297 -115.372001647949 -115.36499786377 -115.519996643066 -115.667999267578 -115.769996643066 -115.814002990723 -117.335998535156 -118.380996704102 -118.88500213623 -119.573997497559 -120.379997253418 -121.077003479004 -121.233001708984 -121.78099822998 -122.625 -122.930999755859 -123.040000915527 -123.116996765137 -123.421997070312 -123.621002197266 -123.537002563477 -123.379997253418 -123.193000793457 -123.091003417969 -123.101997375488 -122.96199798584 -122.41300201416 -122.121002197266 -122.291999816895 -122.541000366211 -122.426002502441 -122.000999450684 -122.027000427246 -122.056999206543 -122.124000549316
-117.133003234863 -117.227996826172 -117.220001220703 -117.351997375488 -117.271003723145 -117.11799621582 -116.811996459961 -116.258003234863 -115.690002441406 -115.553001403809 -115.306999206543 -115.321998596191 -115.300003051758 -115.307998657227 -115.40599822998 -116.238998413086 -118.613998413086 -119.472999572754 -119.849998474121 -120.045997619629 -120.38200378418 -120.587997436523 -121.351997375488 -122.434997558594 -122.872001647949 -123.041000366211 -123.186996459961 -123.475997924805 -123.672996520996 -123.557998657227 -123.236000061035 -122.96199798584 -122.970001220703 -123.109001159668 -122.657997131348 -122.456001281738 -121.41300201416 -121.65299987793 -121.732002258301 -121.838996887207 -121.432998657227 -121.744003295898 -121.809997558594 -121.985000610352
-117.178001403809 -117.03800201416 -117.15299987793 -117.115997314453 -116.758003234863 -116.72200012207 -116.320999145508 -115.949996948242 -115.736000061035 -115.619003295898 -115.41300201416 -115.15599822998 -115.121002197266 -115.125 -115.625 -117.181999206543 -119.361999511719 -120.015998840332 -119.486000061035 -119.305000305176 -119.931999206543 -120.325996398926 -121.295997619629 -122.435997009277 -123.073997497559 -122.917999267578 -123.158996582031 -123.330001831055 -123.476997375488 -123.291999816895 -122.811996459961 -122.624000549316 -122.649002075195 -122.648002624512 -122.643997192383 -121.724998474121 -120.623001098633 -119.996002197266 -120.043998718262 -120.188003540039 -120.561996459961 -120.542999267578 -121.143997192383 -121.647003173828
-116.841003417969 -116.713996887207 -116.65299987793 -116.47200012207 -116.373001098633 -116.231002807617 -116.138999938965 -115.843002319336 -115.703002929688 -115.611000061035 -115.264999389648 -115.148002624512 -115.378997802734 -115.94100189209 -117.348999023438 -118.16300201416 -119.009002685547 -118.551002502441 -118.667999267578 -119.002998352051 -120.093002319336 -120.651000976562 -121.453002929688 -122.527000427246 -122.765998840332 -122.879997253418 -122.870002746582 -123.065002441406 -123.111999511719 -123.019996643066 -122.61499786377 -122.431999206543 -122.573997497559 -122.783996582031 -122.459999084473 -121.922996520996 -120.439002990723 -119.974998474121 -119.55899810791 -119.688003540039 -119.402000427246 -119.59700012207 -119.547996520996 -120.375
-116.453002929688 -116.539001464844 -116.352996826172 -116.237998962402 -115.894996643066 -116.129997253418 -115.984001159668 -115.811996459961 -115.575996398926 -115.389999389648 -115.202003479004 -115.733001708984 -116.328002929688 -117.622001647949 -119.414001464844 -119.898002624512 -118.705001831055 -118.480003356934 -118.212997436523 -119.053001403809 -119.982002258301 -120.271003723145 -120.809997558594 -121.59400177002 -122.087997436523 -122.241996765137 -122.593002319336 -122.674003601074 -122.745002746582 -122.724998474121 -122.444999694824 -122.483001708984 -122.797996520996 -122.600997924805 -122.011001586914 -121.310997009277 -120.571998596191 -120.439002990723 -119.938003540039 -119.732002258301 -119.480003356934 -118.513000488281 -118.624000549316 -119.03099822998
-116.189002990723 -116.250999450684 -116.050003051758 -115.96900177002 -115.892997741699 -115.934997558594 -115.833000183105 -115.637001037598 -115.466003417969 -115.251998901367 -115.737998962402 -116.657997131348 -117.809997558594 -118.850997924805 -119.975997924805 -119.546997070312 -118.960998535156 -118.661003112793 -119.056999206543 -119.404998779297 -120.140998840332 -120.459999084473 -120.552001953125 -121.005996704102 -121.407997131348 -122.026000976562 -122.371002197266 -122.626998901367 -122.665000915527 -122.593002319336 -122.265998840332 -122.454002380371 -122.580001831055 -122.217002868652 -121.592002868652 -120.858001708984 -120.77799987793 -120.714996337891 -120.759002685547 -120.203002929688 -119.699996948242 -119.139999389648 -118.71199798584 -118.791000366211
-116.356002807617 -116.399002075195 -115.985000610352 -115.942001342773 -115.761001586914 -115.787002563477 -115.69100189209 -115.638000488281 -115.324996948242 -115.434997558594 -116.407997131348 -118.16300201416 -118.894996643066 -119.25 -119.427001953125 -118.999000549316 -119.019996643066 -119.505996704102 -119.734001159668 -120.164001464844 -120.720001220703 -120.920997619629 -121.182998657227 -121.454002380371 -121.736000061035 -122.261001586914 -122.724998474121 -122.914001464844 -122.791000366211 -122.350997924805 -122.087997436523 -121.902000427246 -122.072998046875 -121.80899810791 -121.322998046875 -121.228996276855 -121.078002929688 -121.134002685547 -120.611999511719 -120.431999206543 -119.88500213623 -119.156997680664 -119.042999267578 -119.035003662109
-116.574996948242 -116.307998657227 -115.828002929688 -115.785003662109 -115.676002502441 -115.831001281738 -115.758003234863 -115.789001464844 -115.331001281738 -115.656997680664 -117.535003662109 -119.796997070312 -120.139999389648 -119.607002258301 -119.51000213623 -119.107002258301 -119.63500213623 -119.990997314453 -120.346000671387 -120.610000610352 -121.115997314453 -121.456001281738 -121.740997314453 -122.120002746582 -122.397003173828 -122.766998291016 -123.00700378418 -123.031997680664 -122.84700012207 -122.221000671387 -121.851997375488 -121.781997680664 -121.734001159668 -121.592002868652 -121.369003295898 -121.138999938965 -121.363998413086 -121.137001037598 -120.861999511719 -120.233001708984 -119.581001281738 -119.109001159668 -119.11799621582 -119.018997192383
-116.44100189209 -116.261001586914 -115.63200378418 -115.720001220703 -115.758003234863 -115.767997741699 -115.982002258301 -115.878997802734 -115.34400177002 -115.761001586914 -118.087997436523 -120.573997497559 -120.28099822998 -119.616996765137 -119.286003112793 -119.103996276855 -119.502998352051 -120.146003723145 -120.51000213623 -120.976997375488 -121.444000244141 -121.583000183105 -121.779998779297 -122.295997619629 -122.605003356934 -123.063003540039 -123.323997497559 -123.294998168945 -123.196998596191 -122.649002075195 -122.453002929688 -121.920997619629 -121.56600189209 -121.017997741699 -120.688003540039 -120.626998901367 -120.71199798584 -120.896003723145 -120.537002563477 -119.97200012207 -119.553001403809 -119.158996582031 -119.232002258301 -119.502998352051
-116.478996276855 -116.150001525879 -115.55899810791 -115.525001525879 -115.466003417969 -115.629997253418 -115.692001342773 -115.796997070312 -115.254997253418 -115.779998779297 -117.97200012207 -119.662002563477 -119.555999755859 -119.214996337891 -119.345001220703 -119.578002929688 -119.690002441406 -120.225997924805 -120.640998840332 -120.958000183105 -121.376998901367 -121.585998535156 -121.749000549316 -122.230003356934 -122.679000854492 -123.140998840332 -123.447998046875 -123.542999267578 -123.331001281738 -123.137001037598 -122.557998657227 -121.819999694824 -120.666999816895 -120.297996520996 -120.194999694824 -120.180000305176 -120.313003540039 -120.198997497559 -120.051002502441 -119.678001403809 -119.189002990723 -118.848999023438 -118.63200378418 -118.920997619629
-116.424003601074 -116.097999572754 -115.698997497559 -115.502998352051 -115.204002380371 -115.36499786377 -115.485000610352 -115.346000671387 -115.049003601074 -115.565002441406 -116.919998168945 -118.017997741699 -118.09400177002 -118.638999938965 -119.366996765137 -119.738998413086 -119.91300201416 -120.325996398926 -120.535003662109 -120.778999328613 -121.23999786377 -121.455001831055 -121.55899810791 -122.013000488281 -122.397003173828 -123.148002624512 -123.36799621582 -123.495002746582 -123.456001281738 -123.166000366211 -122.427001953125 -121.057998657227 -119.999000549316 -119.678001403809 -120.143997192383 -120.447998046875 -120.151000976562 -119.869003295898 -119.851997375488 -119.75 -119.541000366211 -119.237998962402 -118.638000488281 -118.630996704102
-116.156997680664 -116.24299621582 -115.971000671387 -115.716003417969 -115.626998901367 -115.654998779297 -115.589996337891 -115.244003295898 -114.853996276855 -115.26000213623 -116.262001037598 -117.361999511719 -117.958999633789 -118.393997192383 -118.999000549316 -119.435997009277 -119.795997619629 -119.935997009277 -120.222999572754 -120.577003479004 -120.918998718262 -121.199996948242 -121.351997375488 -121.630996704102 -122.055999755859 -122.709999084473 -123.112998962402 -123.119003295898 -122.78099822998 -122.083000183105 -121.193000793457 -119.890998840332 -119.013999938965 -118.774002075195 -119.484001159668 -119.667999267578 -119.373001098633 -119.122001647949 -119.275001525879 -119.66300201416 -119.986999511719 -119.774002075195 -119.559997558594 -119.613998413086
-115.69100189209 -115.96900177002 -115.86499786377 -115.869003295898 -115.685997009277 -115.890998840332 -115.692001342773 -115.306999206543 -115.133003234863 -115.560997009277 -116.754997253418 -118.248001098633 -118.640998840332 -118.463996887207 -118.286003112793 -119.004997253418 -119.325996398926 -119.639999389648 -119.648002624512 -119.901000976562 -120.671997070312 -121.074996948242 -121.304000854492 -121.560997009277 -121.818000793457 -122.323997497559 -122.58699798584 -122.290000915527 -121.373001098633 -120.272003173828 -119.200996398926 -118.56600189209 -117.927001953125 -117.625 -117.76000213623 -118.028999328613 -117.996002197266 -118.059997558594 -118.31600189209 -118.611999511719 -119.043998718262 -119.589996337891 -119.914001464844 -120.524002075195
-115.055000305176 -115.247001647949 -115.521003723145 -115.462997436523 -115.579002380371 -115.679000854492 -115.644996643066 -115.47200012207 -115.47200012207 -115.822998046875 -116.72200012207 -118.371002197266 -118.785003662109 -117.945999145508 -117.861000061035 -118.378997802734 -118.976997375488 -118.916999816895 -118.628997802734 -119.269996643066 -120.454002380371 -121.11799621582 -121.575996398926 -121.966003417969 -122.166999816895 -122.375999450684 -122.264999389648 -121.399002075195 -120.073997497559 -118.706001281738 -117.939002990723 -117.596000671387 -117.225997924805 -116.935997009277 -116.98999786377 -117.175003051758 -117.331001281738 -117.459999084473 -117.650001525879 -117.814002990723 -118.109001159668 -118.483001708984 -119.156997680664 -119.944999694824
-114.246002197266 -115.119003295898 -115.06600189209 -115.252998352051 -115.271003723145 -115.427001953125 -115.478996276855 -115.417999267578 -115.464996337891 -115.810997009277 -116.579002380371 -117.968002319336 -118.34400177002 -117.737998962402 -117.425003051758 -117.827003479004 -118.046997070312 -117.745002746582 -117.666999816895 -118.581001281738 -120.112998962402 -121.072998046875 -121.537002563477 -122.039001464844 -122.375999450684 -122.388999938965 -122.109001159668 -121.102996826172 -119.536003112793 -118.119003295898 -117.456001281738 -117.023002624512 -116.829002380371 -116.65299987793 -116.814002990723 -116.985000610352 -117.028999328613 -117.13200378418 -117.318000793457 -117.392997741699 -117.509002685547 -117.704002380371 -118.167999267578 -118.791999816895
-114.074996948242 -114.438003540039 -114.886001586914 -114.847999572754 -114.947998046875 -115.103996276855 -115.174003601074 -115.162002563477 -115.289001464844 -115.696998596191 -116.596000671387 -117.720001220703 -118.02799987793 -117.600997924805 -117.078002929688 -117.194000244141 -117.176002502441 -116.929000854492 -117.013000488281 -118.026000976562 -119.765998840332 -120.672996520996 -121.186996459961 -121.561996459961 -121.84700012207 -121.810997009277 -121.982002258301 -121.220001220703 -119.588996887207 -118.055000305176 -117.160003662109 -116.541999816895 -116.174003601074 -116.265998840332 -116.495002746582 -116.480003356934 -116.622001647949 -116.741996765137 -116.797996520996 -116.927001953125 -116.986999511719 -117.13500213623 -117.417999267578 -117.877998352051
