data/predkrig2.asc
NCOLS 120 
NROWS 120 
XLLCORNER -114.033329988 
YLLCORNER 37.008332747 
CELLSIZE 0.04166667 
NODATA_value -3.4e+38 
[rows 60 to 79 of 120, columns 0 to 43 of 120]
-113.477996826172 -113.570999145508 -113.500999450684 -113.44100189209 -113.269996643066 -112.768997192383 -111.63500213623 -111.52799987793 -111.688003540039 -112.991996765137 -113.541000366211 -113.374000549316 -113.130996704102 -112.892997741699 -112.782997131348 -112.943000793457 -113.212997436523 -112.976997375488 -112.804000854492 -113.109001159668 -113.470001220703 -113.570999145508 -113.650001525879 -113.160003662109 -112.792999267578 -113.361999511719 -113.790000915527 -113.759002685547 -113.634002685547 -113.641998291016 -113.749000549316 -113.972999572754 -114.065002441406 -114.120002746582 -114.147003173828 -114.15299987793 -114.139999389648 -114.070999145508 -113.962997436523 -113.805999755859 -113.638999938965 -113.540000915527 -113.549003601074 -113.862998962402
-113.309997558594 -113.338996887207 -113.330001831055 -113.327003479004 -113.253997802734 -112.797996520996 -111.625999450684 -111.23999786377 -111.600997924805 -112.859001159668 -113.342002868652 -113.148002624512 -112.903999328613 -112.782997131348 -112.693000793457 -112.876998901367 -113.210998535156 -113.08699798584 -112.997001647949 -113.378997802734 -113.554000854492 -113.676002502441 -113.71900177002 -113.275001525879 -113.246002197266 -113.333999633789 -113.768997192383 -113.660003662109 -113.601997375488 -113.587997436523 -113.744003295898 -113.880996704102 -114.001998901367 -114.041000366211 -114.067001342773 -114.049003601074 -114.01000213623 -113.915000915527 -113.733001708984 -113.46199798584 -113.16300201416 -113.003997802734 -113.287002563477 -114.148002624512
-113.003997802734 -113.101997375488 -113.103996276855 -113.121002197266 -113.16300201416 -112.68399810791 -111.603996276855 -110.775001525879 -111.152000427246 -112.714996337891 -113.181999206543 -112.84700012207 -112.63200378418 -112.587997436523 -112.582000732422 -112.807998657227 -113.148002624512 -113.553001403809 -113.772003173828 -113.93399810791 -113.731002807617 -113.574996948242 -113.608001708984 -113.672996520996 -113.333999633789 -113.63500213623 -113.593002319336 -113.523002624512 -113.56600189209 -113.637001037598 -113.735000610352 -113.91300201416 -113.96900177002 -114.022003173828 -114.000999450684 -113.968002319336 -113.908996582031 -113.828002929688 -113.607002258301 -113.180000305176 -112.736000061035 -112.694999694824 -113.246002197266 -114.681999206543
-112.457000732422 -112.842002868652 -112.878997802734 -112.907997131348 -113.012001037598 -112.999000549316 -111.955001831055 -110.776000976562 -110.863998413086 -112.466003417969 -113.049003601074 -112.666000366211 -112.456001281738 -112.432998657227 -112.458999633789 -112.690002441406 -112.936996459961 -113.749000549316 -114.624000549316 -114.642997741699 -113.887001037598 -113.51000213623 -113.458000183105 -113.445999145508 -113.453002929688 -113.419998168945 -113.452003479004 -113.430999755859 -113.533996582031 -113.647003173828 -113.794998168945 -113.891998291016 -113.976997375488 -114.001998901367 -113.971000671387 -113.888000488281 -113.825996398926 -113.726997375488 -113.475997924805 -112.986000061035 -112.572998046875 -112.727996826172 -113.63200378418 -115.174003601074
-112.162002563477 -112.623001098633 -112.661003112793 -112.710998535156 -112.774002075195 -112.845001220703 -112.304000854492 -111.056999206543 -110.676002502441 -111.837997436523 -112.763000488281 -112.678001403809 -112.402000427246 -112.341003417969 -112.38500213623 -112.323997497559 -112.476997375488 -112.980003356934 -113.964996337891 -114.085998535156 -113.46900177002 -113.177001953125 -113.127998352051 -113.112998962402 -113.130996704102 -113.190002441406 -113.181999206543 -113.226997375488 -113.440002441406 -113.575996398926 -113.706001281738 -113.847999572754 -113.927001953125 -113.986999511719 -113.963996887207 -113.879997253418 -113.74299621582 -113.600997924805 -113.337997436523 -112.958999633789 -112.794998168945 -113.026000976562 -113.879997253418 -115.040000915527
-112.141998291016 -112.412002563477 -112.47200012207 -112.504997253418 -112.56600189209 -112.608001708984 -112.438003540039 -111.160003662109 -110.797996520996 -111.247001647949 -111.892997741699 -112.583000183105 -112.397003173828 -112.282997131348 -112.321998596191 -112.171997070312 -112.310997009277 -112.983001708984 -113.301002502441 -113.365997314453 -113.013000488281 -112.852996826172 -112.772003173828 -112.806999206543 -112.815002441406 -112.915000915527 -112.950996398926 -113.113998413086 -113.279998779297 -113.434997558594 -113.574996948242 -113.698997497559 -113.811996459961 -113.898002624512 -113.90599822998 -113.832000732422 -113.679000854492 -113.512001037598 -113.269996643066 -113.043998718262 -112.966003417969 -113.388999938965 -113.964996337891 -114.810997009277
-112.044998168945 -112.271003723145 -112.309997558594 -112.325996398926 -112.369003295898 -112.293998718262 -111.65599822998 -111.292999267578 -111.095001220703 -110.971000671387 -111.528999328613 -112.225997924805 -112.375 -112.31600189209 -112.100997924805 -112.123001098633 -112.643997192383 -112.955001831055 -113.333000183105 -112.990997314453 -112.675003051758 -112.599998474121 -112.505996704102 -112.557998657227 -112.61499786377 -112.681999206543 -112.855003356934 -112.978996276855 -113.160003662109 -113.240997314453 -113.359001159668 -113.444999694824 -113.579002380371 -113.681999206543 -113.685997009277 -113.628997802734 -113.515998840332 -113.361999511719 -113.166000366211 -113.026000976562 -113.06600189209 -113.274002075195 -113.786003112793 -114.286003112793
-111.795997619629 -112.121002197266 -112.141998291016 -112.151000976562 -112.092002868652 -111.38500213623 -111.03800201416 -110.72200012207 -111.06600189209 -110.999000549316 -111.080001831055 -112.072998046875 -112.376998901367 -112.455001831055 -112.666000366211 -113.230003356934 -113.546997070312 -113.792999267578 -113.206001281738 -112.791000366211 -112.555000305176 -112.397003173828 -112.379997253418 -112.38200378418 -112.485000610352 -112.580001831055 -112.69100189209 -112.891998291016 -112.930000305176 -113.024002075195 -113.063003540039 -113.133003234863 -113.213996887207 -113.297996520996 -113.314002990723 -113.28800201416 -113.23999786377 -113.151000976562 -113.033996582031 -112.927001953125 -112.942001342773 -113.154998779297 -113.419998168945 -113.878997802734
-111.830001831055 -111.925003051758 -111.952003479004 -111.939002990723 -111.266998291016 -110.754997253418 -110.09700012207 -110.125999450684 -110.419998168945 -110.406997680664 -110.968002319336 -111.894996643066 -112.268997192383 -112.449996948242 -113.096000671387 -114.174003601074 -114.772003173828 -114.072998046875 -113.238998413086 -112.667999267578 -112.458999633789 -112.419998168945 -112.351997375488 -112.408996582031 -112.402000427246 -112.524002075195 -112.654998779297 -112.702003479004 -112.714996337891 -112.778999328613 -112.819000244141 -112.824996948242 -112.888000488281 -112.912002563477 -112.925003051758 -112.931999206543 -112.894996643066 -112.899002075195 -112.84700012207 -112.777000427246 -112.761001586914 -112.88200378418 -113.209999084473 -113.550003051758
-111.674003601074 -111.722999572754 -111.741996765137 -111.498001098633 -111.033996582031 -109.955001831055 -110.148002624512 -110.069999694824 -109.795997619629 -110.125999450684 -111.013000488281 -111.915000915527 -112.310997009277 -112.302001953125 -112.685997009277 -113.793998718262 -114.228996276855 -113.822998046875 -112.877998352051 -112.376998901367 -112.388999938965 -112.387001037598 -112.406997680664 -112.396003723145 -112.450996398926 -112.482002258301 -112.536003112793 -112.487998962402 -112.46900177002 -112.523002624512 -112.555999755859 -112.569999694824 -112.58699798584 -112.602996826172 -112.609001159668 -112.595001220703 -112.56600189209 -112.602996826172 -112.615997314453 -112.556999206543 -112.516998291016 -112.56600189209 -112.749000549316 -113.223999023438
-111.450996398926 -111.51000213623 -111.555000305176 -111.597999572754 -110.986000061035 -110.795997619629 -110.718002319336 -110.644996643066 -110.21199798584 -109.890998840332 -110.732002258301 -111.637001037598 -111.820999145508 -112.278999328613 -112.246002197266 -112.670997619629 -113.064002990723 -112.928001403809 -112.483001708984 -112.293998718262 -112.18399810791 -112.217002868652 -112.28800201416 -112.335998535156 -112.301002502441 -112.374000549316 -112.339996337891 -112.11799621582 -112.016998291016 -112.182998657227 -112.278999328613 -112.299003601074 -112.324996948242 -112.352996826172 -112.372001647949 -112.351997375488 -112.315002441406 -112.334999084473 -112.330001831055 -112.266998291016 -112.186996459961 -112.168998718262 -112.301002502441 -112.765998840332
-111.174003601074 -111.21900177002 -111.28099822998 -111.366996765137 -111.374000549316 -111.040000915527 -111.327003479004 -111.306999206543 -110.606002807617 -110.349998474121 -110.762001037598 -111.329002380371 -111.986999511719 -112.001998901367 -112.088996887207 -112.069999694824 -112.11499786377 -112.105003356934 -112.032997131348 -111.96900177002 -111.980003356934 -111.986000061035 -112.046997070312 -112.109001159668 -112.152000427246 -112.168998718262 -112.153999328613 -111.598999023438 -111.612998962402 -111.855003356934 -112.004997253418 -112.037002563477 -112.059997558594 -112.091003417969 -112.120002746582 -112.110000610352 -112.061996459961 -112.032997131348 -112.003997802734 -111.898002624512 -111.791000366211 -111.666000366211 -111.83699798584 -112.134002685547
-110.852996826172 -110.900001525879 -110.988998413086 -111.096000671387 -111.154998779297 -111.176002502441 -111.214996337891 -111.240997314453 -111.088996887207 -110.714996337891 -110.809997558594 -111.318000793457 -111.638000488281 -111.924003601074 -111.380996704102 -111.347999572754 -111.698997497559 -111.629997253418 -111.696998596191 -111.75 -111.796997070312 -111.78099822998 -111.807998657227 -111.873001098633 -111.949996948242 -112.130996704102 -111.857002258301 -111.555000305176 -111.491996765137 -111.725997924805 -111.752998352051 -111.744003295898 -111.776000976562 -111.814002990723 -111.818000793457 -111.805000305176 -111.749000549316 -111.680000305176 -111.626998901367 -111.499000549316 -111.329002380371 -111.263000488281 -111.444000244141 -111.904998779297
-110.625999450684 -110.68399810791 -110.528999328613 -110.731002807617 -110.680999755859 -111.025001525879 -111.059997558594 -111.121002197266 -111.167999267578 -110.916999816895 -110.832000732422 -110.74299621582 -111.180999755859 -111.264999389648 -110.404998779297 -110.386001586914 -111.051002502441 -111.372001647949 -111.448997497559 -111.529998779297 -111.55899810791 -111.600997924805 -111.619003295898 -111.676002502441 -111.793998718262 -111.903999328613 -111.665000915527 -111.26000213623 -111.463996887207 -111.56600189209 -111.528999328613 -111.471000671387 -111.474998474121 -111.477996826172 -111.481002807617 -111.44100189209 -111.34700012207 -111.267997741699 -111.200996398926 -111.113998413086 -110.988998413086 -111.119003295898 -111.342002868652 -111.768997192383
-110.464996337891 -110.259002685547 -110.245002746582 -109.834999084473 -110.017997741699 -110.236999511719 -110.611999511719 -110.973999023438 -111.045997619629 -111.055999755859 -110.637001037598 -110.311996459961 -110.61799621582 -110.573997497559 -110.263000488281 -110.097999572754 -110.849998474121 -110.863998413086 -111.247001647949 -111.212997436523 -111.28099822998 -111.303001403809 -111.390998840332 -111.49299621582 -111.763999938965 -111.680999755859 -111.478996276855 -111.263999938965 -111.307998657227 -111.387001037598 -111.319999694824 -111.225997924805 -111.175003051758 -111.152000427246 -111.093002319336 -111 -110.899002075195 -110.801002502441 -110.76000213623 -110.71199798584 -110.848999023438 -111.122001647949 -111.607002258301 -112.232002258301
-110.255996704102 -110.384002685547 -110.009002685547 -109.610000610352 -109.273002624512 -109.501998901367 -109.866996765137 -110.175003051758 -110.869003295898 -110.877998352051 -110.563003540039 -109.935997009277 -109.782997131348 -110.226997375488 -110.281997680664 -110.490997314453 -110.674003601074 -110.671997070312 -110.654998779297 -110.978996276855 -111.013999938965 -111.070999145508 -111.206001281738 -111.319000244141 -111.411003112793 -111.660003662109 -111.438003540039 -111.315002441406 -111.328002929688 -111.18399810791 -111.122001647949 -111.023002624512 -110.922996520996 -110.814002990723 -110.680000305176 -110.531997680664 -110.356002807617 -110.244003295898 -110.198997497559 -110.247001647949 -110.603996276855 -111.30899810791 -112.388999938965 -113.077003479004
-110.176002502441 -110.152000427246 -110.060997009277 -109.706001281738 -109.28800201416 -109.375999450684 -109.300003051758 -109.847999572754 -109.996002197266 -110.332000732422 -110.033996582031 -109.550003051758 -109.524002075195 -109.890998840332 -110.347999572754 -110.684997558594 -110.773002624512 -110.46199798584 -110.736000061035 -110.763999938965 -110.828002929688 -110.931999206543 -110.99299621582 -111.085998535156 -111.197998046875 -111.290000915527 -111.194000244141 -111.370002746582 -111.115997314453 -111.120002746582 -111.01000213623 -110.908996582031 -110.771003723145 -110.591003417969 -110.36799621582 -110.033996582031 -109.801002502441 -109.674003601074 -109.626998901367 -109.817001342773 -110.445999145508 -111.481002807617 -112.601997375488 -113.123001098633
-110.074996948242 -110.071998596191 -110.223999023438 -109.818000793457 -109.688003540039 -109.088996887207 -109.128997802734 -109.108001708984 -109.111000061035 -109.274002075195 -108.865997314453 -108.810997009277 -109.487998962402 -109.971000671387 -110.446998596191 -110.515998840332 -110.497001647949 -110.490997314453 -110.444999694824 -110.462997436523 -110.626998901367 -110.708000183105 -110.781997680664 -110.88500213623 -111.013000488281 -111.02799987793 -111.050003051758 -111.041000366211 -111.057998657227 -110.963996887207 -110.904998779297 -110.801002502441 -110.670997619629 -110.435997009277 -110.141998291016 -109.746002197266 -109.509002685547 -109.481002807617 -109.529998779297 -109.791999816895 -110.274002075195 -111.28099822998 -112.088996887207 -112.396003723145
-109.962997436523 -110.032997131348 -110.194999694824 -110.291000366211 -109.841003417969 -109.342002868652 -108.848999023438 -108.96199798584 -109.365997314453 -109.147003173828 -108.679000854492 -108.66300201416 -109.446998596191 -110.186996459961 -110.322998046875 -110.320999145508 -110.218002319336 -110.190002441406 -110.128997802734 -110.228996276855 -110.380996704102 -110.495002746582 -110.535003662109 -110.630996704102 -110.751998901367 -110.846000671387 -110.804000854492 -110.838996887207 -110.850997924805 -110.837997436523 -110.805999755859 -110.730003356934 -110.628997802734 -110.471000671387 -110.179000854492 -109.86499786377 -109.842002868652 -110.01000213623 -110.152000427246 -110.174003601074 -110.445999145508 -110.908996582031 -111.546997070312 -111.887001037598
-109.894996643066 -109.667999267578 -109.786003112793 -109.943000793457 -110.352996826172 -109.630996704102 -109.134002685547 -109.301002502441 -109.484001159668 -109.794998168945 -109.003997802734 -108.613998413086 -109.15299987793 -109.889999389648 -110.045997619629 -110.01000213623 -109.929000854492 -109.851997375488 -109.887001037598 -110.035003662109 -110.262001037598 -110.323997497559 -110.388000488281 -110.351997375488 -110.503997802734 -110.527000427246 -110.560997009277 -110.606002807617 -110.65299987793 -110.65299987793 -110.704002380371 -110.650001525879 -110.68399810791 -110.595001220703 -110.47200012207 -110.318000793457 -110.432998657227 -110.703002929688 -110.803001403809 -110.777000427246 -110.861999511719 -111.217002868652 -112.047996520996 -112.098999023438
